#This file controls the set of donuts being calculated in the Instrument module.

#Vector of specifications (in meters), requires elements of buffer above
Exclusion_buffers_para <- c(200, 500, 750, 1000, 1500, 3000, 6000, 8000)
Inclusion_buffers_para <- c(1000, 1000, 1250, 1500, 3000, 6000, 8000, 10000)
